#San Francisco, CA (SI Units)
1 287.31268 280.58478 18.122153010869567 286.09792543478255
2 294.08905 279.73398 10.51255908181818 285.0857968181818
3 298.1007 280.39893 13.227399359183677 285.6007559183673
4 288.70123 283.14417 14.7388813106383 286.1134661702128
5 299.49 284.91513 18.91990586065574 287.0655240983607
6 293.3207 285.35416 14.831884346938775 287.5678455102041
7 302.7684 286.11072 22.12117175510204 289.31127775510197
8 301.43997 286.58633 17.377214108695654 289.50044565217394
9 298.28876 285.82037 14.924881104545454 288.94066181818175
10 297.72638 285.5869 18.479864312765958 289.39579106382973
11 294.27374 282.37433 15.484264729268292 288.22323902439024
12 288.9798 279.8313 16.559842177777774 286.841882